Query	2	4	8	10	15	20	25	30	50	100	
action hero	1.0	1.0	1.0	1.0	1.0	1.0	1.0	1.0	1.0	1.0	
alternate history	1.0	1.0	1.0	1.0	1.0	1.0	1.0	1.0	1.0	1.0	
ambiguous ending	1.0	0.834403052484	1.0	1.0	1.0	1.0	1.0	1.0	1.0	1.0	
americana	1.0	1.0	1.0	1.0	1.0	1.0	1.0	1.0	1.0	1.0	
anime	1.0	1.0	1.0	1.0	1.0	1.0	1.0	1.0	1.0	1.0	
anti hero	1.0	1.0	1.0	1.0	1.0	1.0	1.0	1.0	1.0	1.0	
avant-garde	0.588381664991	1.0	1.0	0.964970395148	1.0	1.0	1.0	1.0	1.0	1.0	
b movie	1.0	1.0	1.0	1.0	1.0	1.0	1.0	1.0	1.0	1.0	
bank heist	0.588359088516	1.0	1.0	1.0	1.0	1.0	1.0	1.0	1.0	1.0	
based on book	0.405560643068	0.6466017721	1.0	1.0	1.0	1.0	1.0	1.0	1.0	1.0	
based on play	0.590010349314	1.0	0.889967807511	1.0	1.0	1.0	1.0	1.0	1.0	1.0	
based on comic	1.0	0.884933751501	1.0	1.0	1.0	1.0	1.0	1.0	1.0	1.0	
based on comic book	1.0	1.0	0.897403805827	1.0	1.0	1.0	1.0	1.0	1.0	1.0	
based on novel	0.261798976043	0.835133400599	0.917833077504	1.0	1.0	1.0	1.0	1.0	1.0	1.0	
based on novella	1.0	1.0	1.0	1.0	1.0	1.0	1.0	1.0	1.0	1.0	
based on short story	1.0	1.0	1.0	1.0	1.0	1.0	1.0	1.0	1.0	1.0	
battle	1.0	1.0	1.0	1.0	1.0	1.0	1.0	1.0	1.0	1.0	
betrayal	1.0	1.0	1.0	1.0	1.0	1.0	1.0	1.0	1.0	1.0	
biker	1.0	1.0	1.0	1.0	1.0	1.0	1.0	1.0	1.0	1.0	
black comedy	1.0	1.0	1.0	1.0	1.0	1.0	1.0	1.0	1.0	1.0	
blockbuster	1.0	1.0	1.0	1.0	1.0	1.0	1.0	1.0	1.0	1.0	
bollywood	1.0	1.0	1.0	1.0	1.0	1.0	1.0	1.0	1.0	1.0	
breaking the fourth wall	1.0	0.907637933822	1.0	1.0	1.0	1.0	1.0	1.0	1.0	1.0	
business	1.0	1.0	0.770058308514	1.0	1.0	1.0	1.0	1.0	1.0	1.0	
caper	1.0	0.892088660555	1.0	1.0	1.0	1.0	1.0	1.0	1.0	1.0	
car accident	1.0	1.0	0.904705016926	1.0	1.0	1.0	1.0	1.0	1.0	1.0	
car chase	1.0	1.0	1.0	1.0	1.0	1.0	1.0	1.0	1.0	1.0	
car crash	1.0	1.0	0.927820746989	1.0	1.0	1.0	1.0	1.0	1.0	1.0	
character name in title	1.0	0.604040502635	0.89233823992	0.881042337335	1.0	1.0	1.0	1.0	1.0	1.0	
character's point of view camera shot	0.770294892321	1.0	1.0	1.0	1.0	1.0	1.0	1.0	1.0	1.0	
chick flick	1.0	1.0	1.0	1.0	1.0	1.0	1.0	1.0	1.0	1.0	
coming of age	1.0	1.0	1.0	1.0	1.0	1.0	1.0	1.0	1.0	1.0	
competition	0.614932235525	0.853003796667	0.894802099216	0.956936816545	1.0	1.0	1.0	1.0	1.0	1.0	
conspiracy	1.0	0.683658153147	1.0	0.958722562703	1.0	1.0	1.0	1.0	1.0	1.0	
corruption	1.0	0.916751615127	0.954564890759	1.0	1.0	1.0	1.0	1.0	1.0	1.0	
criminal mastermind	1.0	1.0	1.0	1.0	1.0	1.0	1.0	1.0	1.0	1.0	
cult	1.0	0.920022824463	1.0	1.0	1.0	1.0	1.0	1.0	1.0	1.0	
cult film	1.0	0.920022824463	1.0	1.0	1.0	1.0	1.0	1.0	1.0	1.0	
cyberpunk	1.0	1.0	1.0	1.0	1.0	1.0	1.0	1.0	1.0	1.0	
dark hero	1.0	1.0	1.0	0.942904258665	1.0	1.0	1.0	1.0	1.0	1.0	
deus ex machina	0.634818001766	1.0	1.0	1.0	1.0	1.0	1.0	1.0	1.0	1.0	
dialogue driven	1.0	1.0	1.0	1.0	1.0	1.0	1.0	1.0	1.0	1.0	
dialogue driven storyline	1.0	1.0	0.965696495776	1.0	1.0	1.0	1.0	1.0	1.0	1.0	
directed by star	1.0	1.0	1.0	1.0	1.0	1.0	1.0	1.0	1.0	1.0	
director cameo	0.769574372284	1.0	1.0	1.0	1.0	1.0	1.0	1.0	1.0	1.0	
double cross	1.0	1.0	1.0	1.0	1.0	1.0	1.0	1.0	1.0	1.0	
dream sequence	1.0	0.873314690739	1.0	1.0	1.0	1.0	1.0	1.0	1.0	1.0	
dystopia	1.0	1.0	0.871793615156	0.939648130998	1.0	1.0	1.0	1.0	1.0	1.0	
ensemble cast	1.0	1.0	1.0	0.9467534737	1.0	1.0	1.0	1.0	1.0	1.0	
epic	0.465342792673	1.0	1.0	1.0	1.0	1.0	1.0	1.0	1.0	1.0	
espionage	0.846761089742	1.0	1.0	1.0	1.0	1.0	1.0	1.0	1.0	1.0	
experimental	1.0	1.0	1.0	1.0	1.0	1.0	1.0	1.0	1.0	1.0	
experimental film	1.0	1.0	1.0	1.0	1.0	1.0	1.0	1.0	1.0	1.0	
fairy tale	1.0	1.0	1.0	1.0	1.0	1.0	1.0	1.0	1.0	1.0	
famous line	1.0	1.0	1.0	1.0	1.0	1.0	1.0	1.0	1.0	1.0	
famous opening theme	1.0	1.0	1.0	1.0	1.0	1.0	1.0	1.0	1.0	1.0	
famous score	1.0	0.887544399152	1.0	1.0	1.0	1.0	1.0	1.0	1.0	1.0	
fantasy sequence	1.0	1.0	1.0	1.0	1.0	1.0	1.0	1.0	1.0	1.0	
farce	1.0	1.0	1.0	1.0	1.0	1.0	1.0	1.0	1.0	1.0	
father daughter relationship	1.0	0.862410150875	1.0	1.0	1.0	1.0	1.0	1.0	1.0	1.0	
father son relationship	1.0	1.0	1.0	1.0	1.0	1.0	1.0	1.0	1.0	1.0	
femme fatale	1.0	1.0	1.0	1.0	1.0	1.0	1.0	1.0	1.0	1.0	
fictional biography	1.0	0.824678521322	1.0	1.0	1.0	1.0	1.0	1.0	1.0	1.0	
flashback	1.0	1.0	1.0	1.0	1.0	1.0	1.0	1.0	1.0	1.0	
french new wave	1.0	1.0	1.0	1.0	1.0	1.0	1.0	1.0	1.0	1.0	
futuristic	1.0	0.745574987378	1.0	1.0	1.0	1.0	1.0	1.0	1.0	1.0	
good versus evil	1.0	1.0	1.0	1.0	1.0	1.0	1.0	1.0	1.0	1.0	
heist	0.533096775583	1.0	1.0	1.0	1.0	1.0	1.0	1.0	1.0	1.0	
hero	0.502703438638	1.0	1.0	1.0	1.0	1.0	1.0	1.0	1.0	1.0	
high school	0.298996350272	1.0	1.0	1.0	1.0	1.0	1.0	1.0	1.0	1.0	
husband wife relationship	1.0	1.0	1.0	1.0	1.0	1.0	1.0	1.0	1.0	1.0	
idealism	1.0	1.0	1.0	1.0	1.0	1.0	1.0	1.0	1.0	1.0	
independent film	1.0	1.0	1.0	1.0	1.0	1.0	1.0	1.0	1.0	1.0	
investigation	1.0	0.87642564681	1.0	1.0	1.0	1.0	1.0	1.0	1.0	1.0	
alternate history	1.0	1.0	1.0	1.0	1.0	1.0	1.0	1.0	1.0	1.0	
ambiguous ending	1.0	0.834403052484	1.0	1.0	1.0	1.0	1.0	1.0	1.0	1.0	
americana	1.0	1.0	1.0	1.0	1.0	1.0	1.0	1.0	1.0	1.0	
anime	1.0	1.0	1.0	1.0	1.0	1.0	1.0	1.0	1.0	1.0	
anti hero	1.0	1.0	1.0	1.0	1.0	1.0	1.0	1.0	1.0	1.0	
avant-garde	0.588381664991	1.0	1.0	0.964970395148	1.0	1.0	1.0	1.0	1.0	1.0	
b movie	1.0	1.0	1.0	1.0	1.0	1.0	1.0	1.0	1.0	1.0	
bank heist	0.588359088516	1.0	1.0	1.0	1.0	1.0	1.0	1.0	1.0	1.0	
based on book	0.405560643068	0.6466017721	1.0	1.0	1.0	1.0	1.0	1.0	1.0	1.0	
based on play	0.590010349314	1.0	0.889967807511	1.0	1.0	1.0	1.0	1.0	1.0	1.0	
based on comic	1.0	0.884933751501	1.0	1.0	1.0	1.0	1.0	1.0	1.0	1.0	
based on comic book	1.0	1.0	0.897403805827	1.0	1.0	1.0	1.0	1.0	1.0	1.0	
based on novel	0.261798976043	0.835133400599	0.917833077504	1.0	1.0	1.0	1.0	1.0	1.0	1.0	
based on novella	1.0	1.0	1.0	1.0	1.0	1.0	1.0	1.0	1.0	1.0	
based on short story	1.0	1.0	1.0	1.0	1.0	1.0	1.0	1.0	1.0	1.0	
battle	1.0	1.0	1.0	1.0	1.0	1.0	1.0	1.0	1.0	1.0	
betrayal	1.0	1.0	1.0	1.0	1.0	1.0	1.0	1.0	1.0	1.0	
biker	1.0	1.0	1.0	1.0	1.0	1.0	1.0	1.0	1.0	1.0	
black comedy	1.0	1.0	1.0	1.0	1.0	1.0	1.0	1.0	1.0	1.0	
blockbuster	1.0	1.0	1.0	1.0	1.0	1.0	1.0	1.0	1.0	1.0	
bollywood	1.0	1.0	1.0	1.0	1.0	1.0	1.0	1.0	1.0	1.0	
breaking the fourth wall	1.0	0.907637933822	1.0	1.0	1.0	1.0	1.0	1.0	1.0	1.0	
business	1.0	1.0	0.770058308514	1.0	1.0	1.0	1.0	1.0	1.0	1.0	
caper	1.0	0.892088660555	1.0	1.0	1.0	1.0	1.0	1.0	1.0	1.0	
car accident	1.0	1.0	0.904705016926	1.0	1.0	1.0	1.0	1.0	1.0	1.0	
car chase	1.0	1.0	1.0	1.0	1.0	1.0	1.0	1.0	1.0	1.0	
car crash	1.0	1.0	0.927820746989	1.0	1.0	1.0	1.0	1.0	1.0	1.0	
character name in title	1.0	0.604040502635	0.89233823992	0.881042337335	1.0	1.0	1.0	1.0	1.0	1.0	
character's point of view camera shot	0.770294892321	1.0	1.0	1.0	1.0	1.0	1.0	1.0	1.0	1.0	
chick flick	1.0	1.0	1.0	1.0	1.0	1.0	1.0	1.0	1.0	1.0	
coming of age	1.0	1.0	1.0	1.0	1.0	1.0	1.0	1.0	1.0	1.0	
competition	0.614932235525	0.853003796667	0.894802099216	0.956936816545	1.0	1.0	1.0	1.0	1.0	1.0	
conspiracy	1.0	0.683658153147	1.0	0.958722562703	1.0	1.0	1.0	1.0	1.0	1.0	
corruption	1.0	0.916751615127	0.954564890759	1.0	1.0	1.0	1.0	1.0	1.0	1.0	
criminal mastermind	1.0	1.0	1.0	1.0	1.0	1.0	1.0	1.0	1.0	1.0	
cult	1.0	0.920022824463	1.0	1.0	1.0	1.0	1.0	1.0	1.0	1.0	
cult film	1.0	0.920022824463	1.0	1.0	1.0	1.0	1.0	1.0	1.0	1.0	
cyberpunk	1.0	1.0	1.0	1.0	1.0	1.0	1.0	1.0	1.0	1.0	
dark hero	1.0	1.0	1.0	0.942904258665	1.0	1.0	1.0	1.0	1.0	1.0	
deus ex machina	0.634818001766	1.0	1.0	1.0	1.0	1.0	1.0	1.0	1.0	1.0	
dialogue driven	1.0	1.0	1.0	1.0	1.0	1.0	1.0	1.0	1.0	1.0	
dialogue driven storyline	1.0	1.0	0.965696495776	1.0	1.0	1.0	1.0	1.0	1.0	1.0	
directed by star	1.0	1.0	1.0	1.0	1.0	1.0	1.0	1.0	1.0	1.0	
director cameo	0.769574372284	1.0	1.0	1.0	1.0	1.0	1.0	1.0	1.0	1.0	
double cross	1.0	1.0	1.0	1.0	1.0	1.0	1.0	1.0	1.0	1.0	
dream sequence	1.0	0.873314690739	1.0	1.0	1.0	1.0	1.0	1.0	1.0	1.0	
dystopia	1.0	1.0	0.871793615156	0.939648130998	1.0	1.0	1.0	1.0	1.0	1.0	
ensemble cast	1.0	1.0	1.0	0.9467534737	1.0	1.0	1.0	1.0	1.0	1.0	
epic	0.465342792673	1.0	1.0	1.0	1.0	1.0	1.0	1.0	1.0	1.0	
espionage	0.846761089742	1.0	1.0	1.0	1.0	1.0	1.0	1.0	1.0	1.0	
experimental	1.0	1.0	1.0	1.0	1.0	1.0	1.0	1.0	1.0	1.0	
experimental film	1.0	1.0	1.0	1.0	1.0	1.0	1.0	1.0	1.0	1.0	
fairy tale	1.0	1.0	1.0	1.0	1.0	1.0	1.0	1.0	1.0	1.0	
famous line	1.0	1.0	1.0	1.0	1.0	1.0	1.0	1.0	1.0	1.0	
famous opening theme	1.0	1.0	1.0	1.0	1.0	1.0	1.0	1.0	1.0	1.0	
famous score	1.0	0.887544399152	1.0	1.0	1.0	1.0	1.0	1.0	1.0	1.0	
fantasy sequence	1.0	1.0	1.0	1.0	1.0	1.0	1.0	1.0	1.0	1.0	
farce	1.0	1.0	1.0	1.0	1.0	1.0	1.0	1.0	1.0	1.0	
father daughter relationship	1.0	0.862410150875	1.0	1.0	1.0	1.0	1.0	1.0	1.0	1.0	
father son relationship	1.0	1.0	1.0	1.0	1.0	1.0	1.0	1.0	1.0	1.0	
femme fatale	1.0	1.0	1.0	1.0	1.0	1.0	1.0	1.0	1.0	1.0	
fictional biography	1.0	0.824678521322	1.0	1.0	1.0	1.0	1.0	1.0	1.0	1.0	
flashback	1.0	1.0	1.0	1.0	1.0	1.0	1.0	1.0	1.0	1.0	
french new wave	1.0	1.0	1.0	1.0	1.0	1.0	1.0	1.0	1.0	1.0	
futuristic	1.0	0.745574987378	1.0	1.0	1.0	1.0	1.0	1.0	1.0	1.0	
good versus evil	1.0	1.0	1.0	1.0	1.0	1.0	1.0	1.0	1.0	1.0	
heist	0.533096775583	1.0	1.0	1.0	1.0	1.0	1.0	1.0	1.0	1.0	
hero	0.502703438638	1.0	1.0	1.0	1.0	1.0	1.0	1.0	1.0	1.0	
high school	0.298996350272	1.0	1.0	1.0	1.0	1.0	1.0	1.0	1.0	1.0	
husband wife relationship	1.0	1.0	1.0	1.0	1.0	1.0	1.0	1.0	1.0	1.0	
idealism	1.0	1.0	1.0	1.0	1.0	1.0	1.0	1.0	1.0	1.0	
independent film	1.0	1.0	1.0	1.0	1.0	1.0	1.0	1.0	1.0	1.0	
investigation	1.0	0.87642564681	1.0	1.0	1.0	1.0	1.0	1.0	1.0	1.0	
kidnapping	1.0	1.0	1.0	1.0	1.0	1.0	1.0	1.0	1.0	1.0	
knight	1.0	0.790555194636	1.0	1.0	1.0	1.0	1.0	1.0	1.0	1.0	
kung fu	1.0	1.0	1.0	1.0	1.0	1.0	1.0	1.0	1.0	1.0	
macguffin	1.0	1.0	1.0	1.0	1.0	1.0	1.0	1.0	1.0	1.0	
medieval times	0.557062806155	1.0	1.0	1.0	1.0	1.0	1.0	1.0	1.0	1.0	
mockumentary	1.0	0.819919438319	1.0	1.0	1.0	1.0	1.0	1.0	1.0	1.0	
monster	1.0	1.0	1.0	1.0	1.0	1.0	1.0	1.0	1.0	1.0	
mother daughter relationship	1.0	1.0	1.0	1.0	1.0	1.0	1.0	1.0	1.0	1.0	
mother son relationship	0.454103444702	1.0	0.754982734098	0.83440904208	1.0	1.0	1.0	1.0	1.0	1.0	
multiple actors playing same role	1.0	1.0	1.0	0.949823648459	1.0	1.0	1.0	1.0	1.0	1.0	
multiple endings	0.728709087394	1.0	1.0	1.0	1.0	1.0	1.0	1.0	1.0	1.0	
multiple perspectives	1.0	1.0	1.0	1.0	1.0	1.0	1.0	1.0	1.0	1.0	
multiple storyline	1.0	1.0	1.0	1.0	1.0	1.0	1.0	1.0	1.0	1.0	
multiple time frames	1.0	0.891866279113	1.0	1.0	1.0	1.0	1.0	1.0	1.0	1.0	
murder	1.0	1.0	1.0	1.0	1.0	1.0	1.0	1.0	1.0	1.0	
musical number	0.431710773565	1.0	1.0	1.0	1.0	1.0	1.0	1.0	1.0	1.0	
neo noir	0.602132493726	1.0	1.0	0.95254331966	1.0	1.0	1.0	1.0	1.0	1.0	
neorealism	1.0	1.0	1.0	1.0	1.0	1.0	1.0	1.0	1.0	1.0	
ninja	1.0	1.0	1.0	1.0	1.0	1.0	1.0	1.0	1.0	1.0	
no background score	1.0	0.740625673004	0.974018305814	1.0	1.0	1.0	1.0	1.0	1.0	1.0	
no music	1.0	1.0	1.0	1.0	1.0	1.0	1.0	1.0	1.0	1.0	
no opening credits	0.634127619959	1.0	1.0	1.0	1.0	1.0	1.0	1.0	1.0	1.0	
no title at beginning	1.0	1.0	1.0	1.0	1.0	1.0	1.0	1.0	1.0	1.0	
nonlinear timeline	0.787024157755	1.0	1.0	1.0	1.0	1.0	1.0	1.0	1.0	1.0	
on the run	1.0	1.0	1.0	1.0	1.0	1.0	1.0	1.0	1.0	1.0	
one against many	1.0	1.0	1.0	1.0	1.0	1.0	1.0	1.0	1.0	1.0	
one man army	1.0	1.0	1.0	1.0	1.0	1.0	1.0	1.0	1.0	1.0	
opening action scene	0.582506029513	1.0	1.0	1.0	1.0	1.0	1.0	1.0	1.0	1.0	
organized crime	1.0	1.0	1.0	1.0	1.0	1.0	1.0	1.0	1.0	1.0	
parenthood	0.59743587066	1.0	1.0	1.0	1.0	1.0	1.0	1.0	1.0	1.0	
parody	0.540576028633	1.0	1.0	1.0	1.0	1.0	1.0	1.0	1.0	1.0	
plot twist	1.0	1.0	1.0	1.0	1.0	1.0	1.0	1.0	1.0	1.0	
police corruption	0.557749416975	0.75078665823	1.0	1.0	1.0	1.0	1.0	1.0	1.0	1.0	
police detective	1.0	1.0	1.0	1.0	1.0	1.0	1.0	1.0	1.0	1.0	
post-apocalypse	1.0	1.0	1.0	1.0	1.0	1.0	1.0	1.0	1.0	1.0	
postmodern	1.0	0.788042146398	1.0	1.0	1.0	1.0	1.0	1.0	1.0	1.0	
psychopath	1.0	0.820648742482	1.0	1.0	1.0	1.0	1.0	1.0	1.0	1.0	
race against time	0.49093841324	1.0	0.907706216523	0.857669248766	1.0	1.0	1.0	1.0	1.0	1.0	
redemption	1.0	1.0	1.0	0.958050821845	1.0	1.0	1.0	1.0	1.0	1.0	
remake	1.0	1.0	0.815435105431	0.942716529188	1.0	1.0	1.0	1.0	1.0	1.0	
rescue	1.0	0.577414634414	0.857741540278	0.914207712293	1.0	1.0	1.0	1.0	1.0	1.0	
road movie	0.478910963564	1.0	1.0	1.0	1.0	1.0	1.0	1.0	1.0	1.0	
robbery	1.0	1.0	1.0	0.974206785749	1.0	1.0	1.0	1.0	1.0	1.0	
robot	1.0	0.583765503487	1.0	0.965148350896	1.0	1.0	1.0	1.0	1.0	1.0	
rotoscoping	0	0	0	0	0	0	0	0	0	0	
satire	1.0	1.0	1.0	0.964795238939	1.0	1.0	1.0	1.0	1.0	1.0	
self sacrifice	1.0	1.0	1.0	1.0	1.0	1.0	1.0	1.0	1.0	1.0	
serial killer	1.0	1.0	1.0	1.0	1.0	1.0	1.0	1.0	1.0	1.0	
shakespeare	1.0	0.658680393125	0.861876578977	0.920423371423	1.0	1.0	1.0	1.0	1.0	1.0	
shootout	1.0	1.0	1.0	1.0	1.0	1.0	1.0	1.0	1.0	1.0	
show within a show	1.0	1.0	1.0	1.0	1.0	1.0	1.0	1.0	1.0	1.0	
slasher	1.0	0.874329963276	1.0	1.0	1.0	1.0	1.0	1.0	1.0	1.0	
southern gothic	1.0	1.0	1.0	1.0	1.0	1.0	1.0	1.0	1.0	1.0	
spaghetti western	0.787094299566	1.0	0.951102715672	1.0	1.0	1.0	1.0	1.0	1.0	1.0	
spirituality	1.0	0.635677404061	1.0	1.0	1.0	1.0	1.0	1.0	1.0	1.0	
spoof	1.0	1.0	1.0	1.0	1.0	1.0	1.0	1.0	1.0	1.0	
steampunk	1.0	1.0	1.0	1.0	1.0	1.0	1.0	1.0	1.0	1.0	
subjective camera	1.0	1.0	1.0	1.0	1.0	1.0	1.0	1.0	1.0	1.0	
superhero	1.0	1.0	1.0	1.0	1.0	1.0	1.0	1.0	1.0	1.0	
supernatural	1.0	1.0	1.0	1.0	1.0	1.0	1.0	1.0	1.0	1.0	
surprise ending	1.0	1.0	1.0	1.0	1.0	1.0	1.0	1.0	1.0	1.0	
swashbuckler	1.0	1.0	1.0	1.0	1.0	1.0	1.0	1.0	1.0	1.0	
sword and sandal	0.598618804389	1.0	0.858529723765	0.935566786527	1.0	1.0	1.0	1.0	1.0	1.0	
tech-noir	1.0	0.803508557067	1.0	1.0	1.0	1.0	1.0	1.0	1.0	1.0	
time travel	1.0	1.0	1.0	1.0	1.0	1.0	1.0	1.0	1.0	1.0	
title spoken by character	1.0	1.0	1.0	1.0	1.0	1.0	1.0	1.0	1.0	1.0	
told in flashback	1.0	1.0	0.936552646239	1.0	1.0	1.0	1.0	1.0	1.0	1.0	
vampire	0.463988504455	1.0	0.900436429268	1.0	1.0	1.0	1.0	1.0	1.0	1.0	
virtual reality	1.0	1.0	1.0	1.0	1.0	1.0	1.0	1.0	1.0	1.0	
voice over narration	0.753790883113	1.0	1.0	1.0	1.0	1.0	1.0	1.0	1.0	1.0	
whistleblower	1.0	0.672238774961	1.0	0.957218685897	1.0	1.0	1.0	1.0	1.0	1.0	
wilhelm scream	1.0	1.0	1.0	1.0	1.0	1.0	1.0	1.0	1.0	1.0	
wuxia	1.0	1.0	1.0	1.0	1.0	1.0	1.0	1.0	1.0	1.0	
zombie	1.0	0.554932530626	1.0	0.872139437661	1.0	1.0	1.0	1.0	1.0	1.0	
